"hisco" "hiscam"
1100 85.58
1110 85.58
1190 85.58
1200 85.58
1210 82.98
1300 82.98
1340 85.58
1400 69.76
1420 82.98
1430 82.98
2000 99
2100 82.58
2120 84.26
2130 88.13
2140 74.34
2200 82.58
2210 83.16
2220 82.58
2230 82.58
2240 84.26
2245 82.58
2255 71.27
2290 89.01
2300 82.58
2305 87.33
2310 74.34
2400 82.58
2410 82.58
2430 82.58
2450 82.58
2460 82.58
2510 84.26
2620 74.34
2700 82.58
2710 82.58
2740 82.58
2900 90.56
2930 82.58
2990 82.58
3000 80.52
3010 80.52
3020 78.43
3022 82.58
3030 82.58
3040 81.79
3090 84.26
3100 74.34
3110 74.34
3120 73.23
3130 74.34
3140 74.34
3150 82.58
3160 74.34
3170 82.58
3180 74.34
3200 76.18
3300 73.62
3310 73.62
3320 82.58
3330 84.26
3340 82.58
3390 79.3
3405 82.13
3490 82.58
3510 75.59
3520 82.58
3540 82.58
3550 82.58
3590 74.34
3620 82.58
3720 82.58
3930 82.58
4100 49.81
4120 49.81
4125 49.81
4130 49.81
4140 49.81
4200 49.81
4215 78.25
4217 49.81
4220 56.06
4230 66.7
4240 66.47
4250 51.95
4290 49.81
4320 51.95
5100 93.51
5110 93.51
5120 94.44
5190 94.44
5230 89.3
5260 94.44
5320 96.12
5330 94.61
5340 96.12
5360 96.12
5390 94.44
5400 91.58
5420 96.12
6100 92.87
6105 92.87
6110 92.87
6120 92.87
6130 92.87
6140 92.87
6190 92.87
6210 69.15
6300 87.02
6310 89.61
6320 88.05
6420 59.29
6500 69.47
6510 69.47
6520 88.05
6590 88.05
6700 86.45
6710 86.45
6810 59.29
6910 59.29
6990 59.29
7100 69.15
7110 69.15
7130 69.15
7200 66.01
7210 69.15
7300 66.01
7310 55.54
7410 49.65
7500 66.01
7520 88.05
7530 92.87
7600 66.01
7620 59.29
7640 59.29
7900 66.01
7920 56.45
7930 56.45
7990 56.45
8110 87.02
8130 87.02
8200 87.02
8220 87.02
8230 87.02
8250 87.02
8490 87.02
9010 87.02
9150 87.02
9999 77.88
11000 77.81
11010 77.81
11020 77.81
12000 99
12100 98.56
12110 99
12200 98.56
12210 99
12310 99
12400 96.02
12410 96.02
12900 96.23
12910 96.23
13000 82.44
13020 66.7
13030 78.08
13100 99
13130 99
13140 99
13170 99
13175 99
13190 99
13200 86.41
13215 85.23
13220 85.23
13230 85.23
13250 80.88
13260 85.23
13270 85.23
13275 86.41
13280 85.23
13290 85.23
13320 67.88
13390 70.16
13420 80.65
13490 80.65
13590 80.65
13900 80.65
13940 81.63
13950 81.63
13960 73.2
13990 74.54
14100 95.41
14120 95.41
14130 67.76
14140 97.7
14190 97.7
14990 66.3
15120 79.8
15900 83.43
15915 86.98
15920 81.62
15930 81.62
15945 81.62
15950 81.62
15960 80.5
15990 81.62
16000 70.41
16100 78.33
16120 67.33
16130 84.2
16150 69.43
16160 77.88
16190 74.04
16200 71.94
16220 74.04
16230 71.94
16240 74.04
16250 75.44
16300 74.04
16310 71.94
16350 74.04
16360 71.94
17000 64.37
17100 78.48
17120 78.48
17130 63.79
17135 64.37
17140 63.79
17145 68.98
17150 64.37
17190 63.79
17200 64.37
17220 63.79
17230 64.37
17300 64.37
17320 63.79
17340 63.79
17420 64.37
17490 63.79
17530 63.79
17540 63.79
17590 63.79
17900 64.37
17920 50.63
17940 64.37
17990 61.84
18000 64.37
18020 64.37
18050 63.18
18090 64.37
19100 87.02
19120 87.02
19130 87.02
19140 87.02
19190 87.02
19200 87.02
19250 87.02
19290 87.02
19300 87.02
19320 87.02
19390 87.02
19400 87.02
19420 87.02
19430 87.02
19490 87.02
19500 87.02
19520 87.02
19530 87.02
19540 87.02
19900 87.02
19950 87.02
19960 87.02
19990 87.02
20100 93.36
20110 93.36
20200 87.77
20210 87.77
21000 77.79
21100 84.88
21110 84.88
21200 84.88
21220 74.73
21230 87.02
21240 71.01
21300 70.61
21320 72.44
21340 72.66
21420 87.02
21430 77.79
21490 83.33
21900 82.63
21940 88.52
21950 80.54
21960 84.88
21970 80.54
21980 80.54
21990 89.86
22000 68.72
22100 57.95
22110 79.5
22190 88.55
22200 57.95
22210 82.68
22220 96.11
22230 73.33
22235 76.86
22240 72.48
22245 72.48
22250 76.86
22265 76.86
22275 76.86
22280 76.86
22290 72.48
22300 57.95
22320 85.63
22330 85.63
22390 85.63
22420 51.38
22425 51.38
22430 51.38
22440 54.18
22450 64.54
22460 54.18
22490 69.7
22520 64.87
22600 62.77
22610 62.77
22620 64.83
22630 64.83
22640 64.83
22650 68.58
22651 64.83
22655 64.83
22660 62.77
22665 64.83
22670 66.93
22675 78.55
22680 73.41
22690 57.72
30000 72.87
31000 88.41
31020 90.51
31030 69.38
31040 68.18
31090 80.98
31940 61.4
32100 81.38
32110 81.38
32120 91.34
32140 74.4
32190 71.8
32220 71.8
33000 78.26
33100 78.26
33110 78.26
33120 76.13
33130 76.13
33135 76.13
33140 76.13
33150 76.13
33160 76.13
33170 76.13
33190 76.13
33900 71.8
33920 71.8
33930 71.8
33940 70.19
33990 75.62
34120 60.66
34230 60.66
36000 66.01
36020 65.52
36040 58.4
36090 58.52
37000 72.94
37010 60.66
37020 75.08
37030 58.52
37040 55.72
37090 59.9
38000 73.43
38020 60.66
38030 58.52
38040 69.15
38090 60.66
39100 67.3
39110 67.3
39120 67.3
39130 67.3
39140 67.3
39150 67.3
39190 67.3
39230 69.59
39310 69.59
39320 69.05
39340 75.25
39350 69.59
39390 71.8
39410 71.8
39440 71.8
39490 71.8
39520 71.8
39530 64.12
39900 71.8
39940 71.8
39960 61.4
39990 71.19
41000 61.34
41020 81.33
41025 63.06
41030 57.59
41035 63.06
41040 63.16
41525 63.88
42200 66.45
42220 66.45
42230 66.45
43100 72.37
43120 72.37
43200 73.55
43220 73.55
43230 66.45
43290 72.37
44100 73.31
44120 76.25
44130 96.19
44140 84.08
44190 78.16
44200 72.37
44220 72.37
44230 73.25
44300 72.37
44320 75.94
44330 72.37
45100 56.72
45120 67.54
45125 65.4
45130 58.02
45140 56.72
45150 56.72
45190 73.19
45220 51.9
45225 56.72
45230 51.9
45240 56.72
45250 56.72
45290 51.9
49020 56.72
49030 56.72
49090 62.63
51000 58.02
51020 55.41
51030 69.8
51040 69.91
51050 58.02
51090 71.56
52000 63.88
52290 63.88
53100 57.66
53120 57.66
53130 57.66
53140 61.02
53150 57.66
53190 57.75
53200 64.27
53210 64.27
53220 64.27
53240 64.27
53250 64.27
53290 64.27
53330 41.43
54000 41.43
54010 41.43
54020 41.43
54030 41.43
54035 59.72
54040 58.29
54050 62.2
54055 41.45
54060 41.45
54090 63.13
55100 69.97
55120 58.61
55125 68.86
55130 67.62
55140 63.56
55190 39.88
55200 37.18
55220 37.18
55230 37.18
55240 55.09
55290 38.59
56000 55.97
56010 55.97
56030 41.45
56040 55.97
56050 55.97
56060 55.97
56065 55.97
56070 55.97
56090 55.97
57000 59.34
57025 59.34
57030 59.34
57070 59.34
57090 59.34
58100 59.72
58110 59.72
58200 70.43
58220 54.83
58225 58.36
58230 61.25
58240 61.25
58300 59.45
58320 61.25
58330 61.68
58340 52.11
58490 61.25
58900 61.25
58920 61.25
58930 61.25
58940 54.4
58990 65
59100 62.33
59200 62.33
59220 59.91
59230 62.33
59290 63.88
59900 62.33
59920 62.33
59940 54.99
59950 62.68
59990 63.88
61100 49.91
61110 49.91
61115 48.63
61120 49.91
61220 50.88
61230 50.88
61235 53.75
61240 49.63
61250 50.88
61260 56.79
61270 62.83
61290 53.15
62100 45.72
62105 46
62110 45.72
62120 44.22
62200 45.66
62210 45.66
62220 45.66
62230 45.66
62240 45.66
62260 45.66
62290 45.66
62320 46.59
62330 46.59
62390 46.59
62400 52.4
62410 49.18
62420 49.18
62430 45.99
62440 49.18
62460 52.49
62490 53.99
62510 48.34
62520 48.34
62600 46.59
62610 46.59
62660 46.59
62690 46.59
62700 55.13
62720 53.84
62730 52.5
62740 53.25
62790 53.84
62800 46.59
62820 46.59
62920 49.47
62940 49.47
62950 49.47
62960 49.47
62970 49.47
62990 49.47
63100 52.93
63110 51.9
63120 52.93
63130 52.93
63140 54.65
63190 54.52
63200 54.09
63220 55.15
63230 51.24
63250 54.09
63290 53.02
64100 50.61
64120 46.18
64130 51.5
64900 52.18
64920 52.18
64930 51.77
64940 52.18
64960 51.41
64990 52.52
71100 50.56
71105 50.56
71110 58.34
71120 52.04
71125 50.56
71130 50.56
71150 50.56
71160 50.56
71170 52.04
71190 60.22
71200 52.04
71220 57.09
71250 50.56
71290 52.04
71300 50.56
71380 50.56
71390 52.04
72000 60.18
72100 56.33
72120 58.86
72130 58.86
72160 58.86
72170 58.86
72190 59.93
72200 64.26
72220 58.86
72230 58.86
72250 56.33
72260 58.86
72290 58.86
72320 58.86
72330 58.86
72390 58.25
72400 58.86
72420 58.2
72490 65.34
72500 60.18
72520 58.86
72530 58.86
72540 56.33
72555 58.86
72560 58.86
72590 58.86
72600 58.86
72620 58.86
72630 58.86
72640 58.86
72700 58.86
72725 58.45
72730 56.33
72740 58.86
72790 58.5
72800 58.86
72820 56.33
72830 58.86
72890 56.63
72900 58.86
72930 58.86
72940 58.86
72980 56.33
72990 65.12
73100 56.88
73130 56.88
73200 57.06
73210 57.06
73240 57.06
73270 57.06
73290 57.06
73320 56.7
73350 56.88
73360 56.88
73390 56.88
73400 56.7
73430 56.7
73460 56.7
73490 56.7
74100 57.06
74120 56.2
74140 54.22
74200 48.2
74220 48.2
74240 48.2
74400 64.34
74470 58.11
74490 56.2
74500 60.25
74900 60.25
74910 60.25
74920 60.25
74925 60.25
74930 60.25
74990 60.25
75000 55.2
75100 58.29
75115 58.29
75120 58.29
75130 58.29
75135 58.29
75140 58.29
75145 58.29
75150 58.29
75155 58.29
75190 58.29
75220 48.38
75230 48.38
75240 48.38
75250 48.38
75290 48.38
75300 50.74
75320 50.74
75340 49.36
75350 50.74
75390 50.74
75400 49.36
75415 50.74
75420 50.74
75422 50.74
75430 50.74
75432 52.84
75435 49.36
75440 50.74
75445 49.36
75450 50.74
75452 50.74
75455 50.74
75457 50.74
75465 49.47
75470 49.36
75475 50.74
75490 56.52
75500 51.54
75520 49.36
75530 56.18
75535 50.74
75540 49.36
75590 50.74
75600 58.68
75615 58.68
75620 58.68
75622 58.68
75625 58.68
75635 58.68
75650 58.68
75655 58.68
75660 58.68
75670 58.68
75690 58.68
75700 50.74
75710 54.27
75720 50.74
75922 49.36
75925 49.36
75990 67.23
76100 60.33
76125 60.33
76130 60.33
76132 60.33
76145 60.33
76150 60.33
76155 60.33
76190 60.33
76200 50.74
76220 50.74
76230 49.36
76290 50.74
77100 58.74
77120 56.18
77140 59.63
77190 62.7
77200 59.63
77250 58.74
77260 58.74
77290 60.99
77300 58.74
77310 62.29
77320 49.93
77330 58.74
77340 58.74
77390 62.9
77410 59.63
77415 58.74
77440 59.63
77450 58.74
77460 59.63
77490 58.74
77500 58.49
77510 58.49
77530 58.49
77540 58.49
77590 58.49
77600 58.74
77610 59.63
77620 60.2
77630 70.12
77640 57.5
77650 62.43
77660 65.16
77690 71.01
77700 58.74
77750 58.74
77790 58.74
77800 62.65
77810 62.65
77820 62.65
77830 62.65
77835 62.65
77840 62.65
77850 62.65
77860 62.65
77870 62.65
77880 62.65
77890 62.65
77900 58.74
77920 53.45
77940 58.74
77990 58.74
78100 58.77
78120 59.63
78130 59.63
78155 54.5
78170 59.63
78190 58.74
78200 52.49
78290 54.79
78390 60.83
79100 53.02
79120 54.04
79130 54.04
79140 59.72
79190 65.98
79200 54.04
79220 50.9
79290 51.68
79300 54.04
79310 61.36
79320 70.23
79390 61.29
79400 60.77
79420 60.77
79430 60.77
79440 60.77
79450 60.77
79475 60.77
79490 60.77
79500 58.54
79510 50.9
79520 54.04
79550 54.04
79560 52.83
79565 58.54
79590 58.54
79600 54.04
79620 69.33
79630 54.04
79640 59.95
79690 63.77
79900 54.04
79920 59.79
79930 54.04
79990 59.24
80110 52.83
80120 52.18
80130 62.54
80190 54.04
80200 66.51
80220 54.04
80222 50.9
80225 54.04
80245 54.04
80250 54.04
80255 54.04
80290 55.65
80300 58.56
80310 58.56
80320 58.56
80330 58.56
80340 58.56
80360 58.56
80390 58.56
81000 60.75
81100 54.38
81120 57.2
81190 70.98
81200 54.38
81208 57.2
81210 54.38
81220 48.7
81225 48.7
81230 58.31
81250 54.38
81275 54.38
81280 57.2
81290 57.2
81900 48.91
81920 72.3
81925 54.61
81930 53.81
81935 66.73
81940 57.2
81945 70.48
81955 48.91
81960 48.91
81990 48.91
82000 61.65
82020 58.61
82050 60.33
82060 60.33
82070 60.33
82080 66.68
82090 60.33
82710 67.98
83000 55.31
83020 55.31
83100 55.31
83110 55.31
83120 55.31
83130 55.31
83140 55.31
83190 55.31
83200 57.25
83210 60.75
83220 63.54
83240 55.31
83250 57.25
83290 55.31
83300 57.25
83305 57.25
83310 55.31
83320 60.91
83330 57.25
83350 57.25
83360 57.25
83390 62.59
83400 71.09
83410 71.09
83420 61.63
83440 57.25
83450 57.25
83460 57.25
83465 57.25
83490 59.95
83500 57.25
83510 55.31
83520 64.38
83530 58
83540 57.25
83550 57.25
83560 57.25
83590 55.63
83900 57.25
83910 55.31
83915 63.31
83920 62.49
83930 60.06
83940 57.25
83960 57.25
83990 57.81
84100 66.2
84105 66.2
84110 66.11
84115 66.2
84125 66.11
84145 66.11
84165 66.2
84170 66.11
84175 66.2
84185 66.2
84190 62.38
84220 66.41
84222 66.41
84225 66.41
84230 70.15
84235 66.11
84240 66.11
84245 66.11
84250 73.88
84300 78.68
84320 66.11
84390 64.51
84400 66.2
84410 66.2
84420 66.2
84900 73.27
84910 66.11
84970 66.11
84975 57.86
84980 60.88
84985 66.11
84990 61.29
85100 66.02
85110 71.41
85120 66.02
85150 64.79
85190 64.79
85200 66.02
85210 66.02
85220 66.02
85320 71.48
85340 66.02
85345 67.41
85420 66.02
85500 66.02
85510 64.79
85560 66.02
85570 68.55
85600 71.37
85620 67.26
85630 66.02
85700 58.86
85730 69.5
85740 66.02
85790 64.79
85990 71.37
86190 66.02
86240 66.02
87105 63.7
87110 70.91
87120 60.95
87130 61.08
87190 61.08
87200 61.08
87210 59.34
87215 61.08
87245 61.08
87250 61.08
87260 60.31
87300 64.41
87310 64.41
87330 60.31
87340 56.56
87350 57.7
87370 60.31
87390 60.31
87400 67.8
87430 61.08
87450 60.31
87462 55.22
87490 60.31
88000 70.29
88010 73.88
88030 68.26
88040 70.29
88050 69.01
88070 70.29
88080 69.01
88090 77.86
89100 59.2
89120 53.58
89128 54.66
89136 54.66
89148 54.66
89156 57.22
89160 54.66
89164 57.15
89190 54.66
89200 54.31
89210 59.11
89215 54.31
89220 56.11
89225 55.27
89230 54.66
89235 54.66
89240 54.66
89242 57.95
89245 54.66
89247 54.66
89290 59.59
89300 54.66
89320 54.66
89330 54.66
89350 53.38
89360 48.65
89390 58.4
89400 54.66
89420 54.66
89430 54.31
89440 54.66
89500 58.65
89520 54.66
89530 57.61
89540 54.66
89550 54.66
89560 54.66
89570 54.66
89590 59.27
89900 54.66
89940 54.66
89990 58.52
90000 68.15
90100 68.15
90200 68.15
91000 68.98
91025 64.88
91030 68.98
91050 68.98
91070 68.98
91075 68.98
91090 70.83
92000 64.66
92100 64.66
92110 67.59
92120 61.68
92130 64.66
92135 64.66
92140 67.59
92155 64.66
92190 55.54
92200 64.66
92225 64.66
92230 67.59
92240 64.66
92250 60.84
92270 64.66
92290 65.09
92300 64.66
92320 67.59
92330 64.66
92400 74.08
92415 68.26
92420 67.59
92430 64.66
92490 64.66
92500 64.66
92520 64.66
92600 64.19
92625 62.36
92690 64.66
92700 64.66
92900 63.79
92930 64.66
92940 64.66
92950 64.66
92990 64.66
93100 58.72
93120 57.72
93190 69.47
93900 58.72
93920 58.91
93950 58.72
93960 60.68
93990 73.2
94100 69.2
94120 51.58
94140 55.61
94160 55.61
94170 55.61
94180 51.58
94190 66.95
94200 55.61
94220 51.58
94230 56.97
94240 46.5
94250 54.27
94290 57.97
94320 55.61
94900 67.98
94920 51.58
94940 51.58
94960 55.61
94980 75.19
94990 58.2
95000 54.04
95100 53.13
95120 50
95125 53.84
95130 55.31
95135 55.04
95140 63.83
95145 53.13
95150 53.13
95155 53.84
95160 51.63
95190 61.15
95210 57.24
95220 53.13
95230 53.13
95240 53.13
95250 53.13
95290 53.84
95300 51.11
95320 49.68
95340 53.13
95350 53.13
95360 42.31
95390 53.13
95400 53.84
95410 53.84
95415 53.84
95420 53.84
95440 58.4
95445 53.84
95450 53.84
95455 53.02
95475 53.13
95490 53.84
95500 53.13
95510 53.77
95520 53.13
95530 53.84
95590 60.7
95600 53.84
95700 53.13
95720 63.29
95750 53.84
95790 53.84
95910 69.05
95920 53.13
95925 63.56
95930 53.13
95940 53.84
95945 53.13
95950 53.13
95955 53.13
95960 53.13
95970 53.13
95990 66.98
96100 58.13
96190 55.93
96900 58.36
96910 60.66
96925 58.36
96930 58.13
96940 58.13
96950 58.36
96990 58.13
97100 55.27
97105 55.27
97120 55.27
97125 49.34
97130 61.09
97145 56.66
97150 51.18
97152 61.24
97155 45.86
97160 51.18
97190 53.88
97200 51.18
97205 51.18
97210 51.18
97230 45.86
97300 51.18
97315 60.61
97340 51.18
97345 58.72
97350 45.86
97355 56.2
97390 45.86
97400 45.86
97415 54.34
97435 51.18
97440 45.86
97450 51.18
97460 51.18
97470 45.86
97475 51.18
97900 51.18
97990 51.18
98000 54
98100 65.08
98120 59.72
98130 52.91
98135 52.91
98140 52.91
98190 45.97
98220 61.58
98230 52.97
98290 54
98300 60.45
98320 61.13
98330 53.79
98390 54
98400 54
98420 57.65
98430 59.77
98440 59.41
98500 61.09
98520 54
98530 72.66
98540 59.36
98550 57.9
98555 51.22
98590 62.84
98600 63.34
98620 52.99
98630 54
98690 50.77
98840 52.95
98930 54.88
98940 58
98950 52.91
98990 53.99
99020 46.36
99900 41.65
99910 57.34
99920 44.04
99930 55.31
